ENST00000532614	chr11	+	486938	487053	486938	487053	1	486938,	487053,	0
ENST00000308020	chr11	+	486938	491387	486938	491387	8	486938,487419,488198,488528,489399,489587,489882,490419,	487073,487470,488312,488647,489514,489733,490068,491387,	0
ENST00000531520	chr11	+	486938	487470	486938	487470	2	486938,487419,	487073,487470,	0
ENST00000526878	chr11	+	486938	491393	486938	491393	9	486938,487419,488198,488528,489399,489587,489882,490419,491120,	487073,487470,488312,488647,489514,489733,490068,490642,491393,	0
ENST00000527325	chr11	+	487238	489730	487238	489730	5	487238,488198,488528,489399,489587,	487470,488312,488647,489514,489730,	0
ENST00000531411	chr11	+	489349	490546	489349	490546	4	489349,489587,489882,490419,	489514,489733,490068,490546,	0
ENST00000530029	chr11	+	489790	490720	489790	490720	2	489790,490419,	490068,490720,	0
ENST00000534797	chr11	-	494511	495053	494511	495053	2	494511,494882,	494778,495053,	0
ENST00000397614	chr11	-	494512	495053	494512	495053	2	494512,494882,	494778,495053,	0
ENST00000397615	chr11	-	494514	495053	494514	495053	2	494514,494882,	494778,495053,	0
ENST00000397604	chr11	-	494514	495053	494514	495053	2	494514,494882,	494778,495053,	0
ENST00000525522	chr11	-	494515	495053	494515	495053	2	494515,494882,	494778,495053,	0
ENST00000525701	chr11	-	494522	495053	494522	495053	2	494522,494882,	494778,495053,	0
ENST00000529768	chr11	-	494543	495053	494543	495053	1	494543,	495053,	0
ENST00000533410	chr11	-	494545	495053	494545	495053	2	494545,494882,	494778,495053,	0
ENST00000438658	chr11	-	494547	495053	494547	495053	2	494547,494882,	494778,495053,	0
ENST00000354420	chr11	-	494551	495053	494551	495053	2	494551,494882,	494778,495053,	0
ENST00000356187	chr11	-	494560	495053	494560	495053	2	494560,494882,	494778,495053,	0
ENST00000524464	chr11	-	495007	495053	495007	495053	1	495007,	495053,	0
