uc001lpk.1	chr11	-	494511	503570	494690	502162	9	494511,494882,497970,498456,498762,499014,499828,500483,502061,	494778,495053,498141,498627,498933,499185,499999,500654,503570,
NM_203383	chr11	-	494511	506821	494690	502162	11	494511,494882,497970,498456,498762,499014,499828,500483,502061,504823,506608,	494778,495053,498141,498627,498933,499185,499999,500654,502181,504996,506821,
NM_002939	chr11	-	494511	506821	494690	502162	11	494511,494882,497970,498456,498762,499014,499828,500483,502061,504823,506608,	494778,495053,498141,498627,498933,499185,499999,500654,502249,504996,506821,
NM_203384	chr11	-	494511	506821	494690	502162	10	494511,494882,497970,498456,498762,499014,499828,500483,502061,506608,	494778,495053,498141,498627,498933,499185,499999,500654,502181,506821,
NM_203385	chr11	-	494511	506821	494690	502162	10	494511,494882,497970,498456,498762,499014,499828,500483,502061,506608,	494778,495053,498141,498627,498933,499185,499999,500654,502249,506821,
ENST00000426245	chr11	-	494512	506821	494690	502162	11	494512,494882,497970,498456,498762,499014,499828,500483,502061,504823,506608,	494778,495053,498141,498627,498933,499185,499999,500654,502181,504996,506821,
ENST00000397615	chr11	-	494512	506821	494690	502162	11	494512,494882,497970,498456,498762,499014,499828,500483,502061,504823,506608,	494778,495053,498141,498627,498933,499185,499999,500654,502249,504996,506821,
ENST00000354420	chr11	-	494512	507273	494690	502162	11	494512,494882,497970,498456,498762,499014,499828,500483,502061,504823,507112,	494778,495053,498141,498627,498933,499185,499999,500654,502249,504996,507273,
ENST00000438658	chr11	-	494512	506821	494690	502162	10	494512,494882,497970,498456,498762,499014,499828,500483,502061,506608,	494778,495053,498141,498627,498933,499185,499999,500654,502181,506821,
ENST00000397614	chr11	-	494512	506821	494690	502162	10	494512,494882,497970,498456,498762,499014,499828,500483,502061,506608,	494778,495053,498141,498627,498933,499185,499999,500654,502249,506821,
ENST00000397604	chr11	-	494512	507273	494690	502162	10	494512,494882,497970,498456,498762,499014,499828,500483,502061,507112,	494778,495053,498141,498627,498933,499185,499999,500654,502181,507273,
ENST00000356187	chr11	-	494514	507300	494690	502162	10	494514,494882,497970,498456,498762,499014,499828,500483,502061,507112,	494778,495053,498141,498627,498933,499185,499999,500654,502249,507300,
uc009ybx.2	chr11	-	499896	507283	500479	502162	4	499896,502061,504823,507112,	500654,502249,504996,507283,
