ENST00000532614	chr11	+	448267	487053	487053	487053	4	448267,460186,479084,486938,	448419,460288,479152,487053,
ENST00000308020	chr11	+	450279	491387	450455	490582	12	450279,460186,473894,479084,486938,487419,488198,488528,489399,489587,489882,490419,	450637,460288,473977,479152,487073,487470,488312,488647,489514,489733,490068,491387,
ENST00000531520	chr11	+	450295	487470	450455	451448	7	450295,451384,460186,473894,479084,486938,487419,	450637,451493,460288,473977,479152,487073,487470,
ENST00000526878	chr11	+	458673	491393	491393	491393	12	458673,473894,479084,486938,487419,488198,488528,489399,489587,489882,490419,491120,	460288,473977,479152,487073,487470,488312,488647,489514,489733,490068,490642,491393,
ENST00000527325	chr11	+	487238	489730	489730	489730	5	487238,488198,488528,489399,489587,	487470,488312,488647,489514,489730,
ENST00000531411	chr11	+	489349	490546	490546	490546	4	489349,489587,489882,490419,	489514,489733,490068,490546,
ENST00000530029	chr11	+	489790	490720	490720	490720	2	489790,490419,	490068,490720,
ENST00000534797	chr11	-	494511	503570	494690	502162	9	494511,494882,497970,498456,498762,499014,499828,500483,502061,	494778,495053,498141,498627,498933,499185,499999,500654,503570,
ENST00000397614	chr11	-	494512	506821	494690	502162	10	494512,494882,497970,498456,498762,499014,499828,500483,502061,506608,	494778,495053,498141,498627,498933,499185,499999,500654,502249,506821,
ENST00000397615	chr11	-	494514	506800	494690	502162	11	494514,494882,497970,498456,498762,499014,499828,500483,502061,504823,506608,	494778,495053,498141,498627,498933,499185,499999,500654,502249,504996,506800,
ENST00000397604	chr11	-	494514	507253	494690	502162	10	494514,494882,497970,498456,498762,499014,499828,500483,502061,507112,	494778,495053,498141,498627,498933,499185,499999,500654,502181,507253,
ENST00000525522	chr11	-	494515	505881	505881	505881	9	494515,494882,497970,498456,498762,499014,500483,502061,504823,	494778,495053,498141,498627,498933,499999,500654,502181,505881,
ENST00000525701	chr11	-	494522	507257	500731	502162	10	494522,494882,497970,498456,498762,499014,499828,500483,502061,507112,	494778,495053,498141,498627,498933,499185,499923,500738,502249,507257,
ENST00000529768	chr11	-	494543	498929	494704	498929	4	494543,497970,498456,498762,	495053,498141,498627,498929,
ENST00000533410	chr11	-	494545	507218	494690	502162	11	494545,494882,497970,498456,498762,499014,499828,500483,502061,504823,507112,	494778,495053,498141,498627,498933,499185,499999,500654,502181,504996,507218,
ENST00000438658	chr11	-	494547	506785	494690	502162	10	494547,494882,497970,498456,498762,499014,499828,500483,502061,506608,	494778,495053,498141,498627,498933,499185,499999,500654,502181,506785,
ENST00000354420	chr11	-	494551	507221	494690	502162	11	494551,494882,497970,498456,498762,499014,499828,500483,502061,504823,507112,	494778,495053,498141,498627,498933,499185,499999,500654,502249,504996,507221,
ENST00000356187	chr11	-	494560	507300	494690	502162	10	494560,494882,497970,498456,498762,499014,499828,500483,502061,507112,	494778,495053,498141,498627,498933,499185,499999,500654,502249,507300,
ENST00000524464	chr11	-	495007	507227	498495	502162	6	495007,497970,498456,500541,502061,507112,	495053,498141,498515,500654,502181,507227,
