-30672.7
-25149.8
-22062.3
-19186.3
-18942.2
-18627
-18457.7
-18428.6
-18428.1
-18427
-18284.9
-18224.2
-16840.5
-16717.3
-16716.7
-15863.7
-15675.4
-14748.2
-14593.2
-14126.4
-14110.4
-14107.4
-14107.4
-13994.9
-13761.5
-13757.3
-13714.1
-13374.4
-12865.4
-12848.2
-12846.5
-11902.3
-11842.4
-11829.9
-11668.4
-11663.4
-11664.3
-11644.9
-11641.8
-11643.8
-11646.4
-11641.2
-11639.7
-11639.9
-11639.9
-11639.7
-11639.1
-11639
-11556.9
-11555.7
-11555.7
-11552.9
-11553.2
-11553.2
-11553.2
-11548.2
-11548.3
-11548.2
-11548.2
-11548.2
-11548.2
-11548.2
-11548.3
-11549.3
-11550.1
-11550.1
-11549.1
-11549.1
-11548.6
-11548.6
-11548.6
-11475.5
-11475.7
-10821.2
-10818.4
-10819.5
-10814.8
-10812
-10806.3
-10805
-10804.8
-10586.5
-10584.2
-10584.3
-10584.3
-10583.3
-10380.3
-10202.5
-10202.5
-10202.2
-10202.6
-10087.8
-10083
-9846.76
-9831.72
-9825.46
-9820.76
-9821.11
-9822.68
-9818.68
-9818.2
-9816.6
-9814.5
-9814.45
-9814.45
-9814.67
-9814.67
-9814.69
-9814.73
-9814.55
-9814.55
-9814.55
-9814.55
-9814.55
-9814.37
-9814.61
-9814.61
-9814.61
-9814.77
-9815.06
-9817.35
-9817.35
-9815.87
-9815.7
-9814.78
-9814.48
-9814.93
-9815.16
-9815.16
-9815.16
-9815.16
-9816.11
-9816.77
-9816.13
-9816.13
-9816.51
-9818.1
-9817.96
-9818.33
-9818.33
-9818.33
-9818.33
-9815.28
-9818.65
-9819.92
-9819.92
-9819.28
-9823.22
-9819.44
-9815.77
-9815.77
-9815.77
-9814.58
-9817.46
-9817.46
-9817.46
-9818.96
-9818.52
-9818.38
-9817.1
-9817.28
-9817.25
-9817.25
-9817.25
-9817.25
-9817.25
-9817.25
-9817.13
-9817.13
-9817.13
-9817.69
-9817.37
-9817.37
-9818.29
-9817.12
-9817.97
-9817.97
-9816.87
-9816.84
-9817.08
-9818.02
-9818.76
-9818.76
-9757.7
-9742.91
-9742.91
-9742.02
-9742.02
-9741.67
-9741.67
-9741.69
-9741.88
-9741.88
-9741.78
-9741.32
-9741.71
-9741.36
-9741.32
-9741.32
-9741.32
-9741.32
-9741.69
-9286.38
-9268.4
-8763.11
-8692.42
-8679.09
-8679.09
-8679.09
-8677.63
-8677.68
-8677.49
-8677.58
-8676.31
-8676.31
-8675.81
-8675.81
-8675.81
-8675.78
-8675.78
-8675.63
-8676.96
-8675.06
-8675.09
-8675.14
-8675.14
-8533.84
-8526.78
-8526.78
-8526.68
-8530.45
-8530.45
-8530.45
-8528.57
-8529.06
-8529.06
-8529.67
-8533.39
-8533.34
-8528
-8528
-8528.16
-8525.66
-8429.46
-8028.86
-8000.57
-7978.62
-7953.7
-7953.79
-7953.79
-7953.79
-7952.87
-7952.87
-7953.14
-7952.89
-7922.12
-7916.87
-7909.81
-7900.45
-7895.3
-7895.3
-7895.3
-7896.49
-7896.49
-7895
-7894.38
-7894.47
-7893.88
-7890.5
-7890.41
-7891.2
-7890.33
-7890.33
-7891.39
-7891.69
-7889.64
-7889.64
-7890.4
-7893.27
-7894.69
-7891.29
-7892.02
-7889.55
-7890.35
-7890.99
-7892.54
-7891.83
-7891.5
-7889.07
-7889.07
-7889.16
-7889.16
-7889.07
-7888.86
-7888.98
-7889.92
-7889.7
-7890.17
-7890.85
-7890.63
-7890.63
-7889.4
-7889.92
-7890.08
-7889
-7889
-7889.92
-7889.87
-7890.26
-7891.69
-7891.69
-7890.74
-7890.54
-7890.23
-7890.67
-7890.67
-7890.74
-7890.74
-7890.74
-7892.28
-7891.82
-7891.39
-7891.39
-7891.39
-7891.04
-7889.76
-7889.21
-7889.21
-7888.87
-7888.87
-7890.52
-7890.91
-7890.24
-7890.24
-7116.03
-7089.99
-7081.81
-7079.24
-7078.79
-7079.84
-7077.87
-7077.54
-7076.23
-7076.15
-7057.71
-7053.56
-7053.56
-7053.56
-7053.56
-7053.56
-7053.56
-7053.56
-7054.81
-7053.83
-7054.06
-7053.91
-7053.83
-6999.62
-6991.29
-6359.98
-6332.38
-6279.89
-6273.82
-6257.26
-6257.26
-6256
-6256
-6256.96
-6256.96
-6258.65
-6258.65
-6258.65
-6260.14
-6257.61
-6257.61
-6257.61
-6257.55
-6257.55
-6257.13
-6257.13
-6257.1
-6254.49
-6255.49
-6254.27
-6253.96
-6254.05
-6253.69
-6253.6
-6256.02
-6256.02
-6253.83
-6253.83
-6253.92
-6254.12
-6253.25
-6254.26
-6254.26
-6254.42
-6255.44
-6255.44
-6509.57
-6311.37
-6275.01
-6271.22
-6261.47
-6261.47
-6259.26
-6259.26
-6259.26
-6257.93
-6256.85
-6254.26
-6254.72
-6254.11
-6254.11
-6255.14
-6257.74
-6255.16
-6255.53
-6255.88
-6255.88
-6255.74
-6254.88
-6254.88
-6257.61
-6254.92
-6254.93
-6255.61
-6253.42
-6253.44
-6253.44
-6253.44
-6253.73
-6253.66
-6253.66
-6256.76
-6256.36
-6254.6
-6252.81
-6258.86
-6257.54
-6254.06
-6254.06
-6254.06
-6253.06
-6252.95
-6252.62
-6252.62
-6254.61
-6254.61
-6254.57
-6254.69
-6254.69
-6255.59
-6255.59
-6255.59
-6253.89
-6252.85
-6256.73
-6256.73
-6256.73
-6254.7
-6254.75
-6254.59
-6254.75
-6254.75
-6254.75
-6257.14
-6257.14
-6257.14
-6257.47
-6257.16
-6257.16
-6257.13
-6252.2
-6252.2
-6253.33
-6252.94
-6253.08
-6253.13
-6254.14
-6253.36
-6253.36
-6253.9
-6255.22
-6252.85
-6254.06
-6254.06
-6254.06
-6254.06
-6254.64
-6253.06
-6252.89
-6252.89
-6252.89
-6252.83
-6252.83
-6252.83
-6252.83
-6252.83
-6252.67
-6253.46
-6253.76
-6253.76
-6254.35
-6254.24
-6254.2
-6253.55
-6253.69
-6253.69
-6253.74
-6253.47
-6253.47
-6253.38
-6253.38
-6252.97
-6252.97
-6254.06
-6254.06
-6252.94
-6253.14
-6253.09
-6253.23
-6254.69
-6254.69
-6254.69
-6254.78
-6254.78
-6254.78
-6254.94
-6254.66
-6254.66
-6254.66
-6254.66
-6261.31
-6255.76
-6254.88
-6254.52
-6256.33
-6256.04
-6255.94
-6255.91
-6255.91
-6254.27
-6254.27
-6254.34
-6253.8
-6253.8
-6254.13
-6254.37
-6254.52
-6254.55
-6254.55
-6255.43
-6253.77
-6252.93
-6257.01
-6257.01
-6257.01
-6257.01
-6257.01
-6254.18
-6252.43
-6252.33
-6252.25
-6252.18
-6252.18
-6252.74
-6255.71
-6255.71
-6255.52
-6252.62
-6252.61
-6252.61
-6252.77
-6254.31
-6255.64
-6255.64
-6260.21
-6257.93
-6255.65
-6255.65
-6255.78
-6255.78
-6255.78
-6255.18
-6254.34
-6253.29
-6255.4
-6255.4
-6255.4
-6255.4
-6255.04
-6256.88
-6253.01
-6253.01
-6253.01
-6254.54
-6254.54
-6254.54
